1699573435.5632432 1.4656189316297177
1699573435.6063006 1.4656189316297177
1699573435.63892 1.4656189316297177
1699573435.6818013 1.4656189316297177
1699573435.7338874 1.4784269615921009
1699573435.781683 1.4784269615921009
1699573435.8137562 1.4784269615921009
1699573435.856861 1.4784269615921009
1699573435.8888602 1.4784269615921009
1699573435.9647365 1.4912514623837083
1699573436.6806612 1.4912514623837083
1699573436.387918 1.4912514623837083
1699573436.8177786 1.4912514623837083
1699573436.113755 1.4912514623837083
1699573436.1567602 1.4912514623837083
1699573436.188735 1.4912514623837083
1699573436.2325292 1.4912514623837083
1699573436.2646844 1.4912514623837083
1699573436.3380606 1.4912514623837083
1699573436.3826468 1.5491284879029192
1699573436.4146743 1.5491284879029192
1699573436.4572446 1.5491284879029192
1699573436.4886277 1.5491284879029192
1699573436.5320513 1.5491284879029192
1699573436.5639238 1.5491284879029192
1699573436.6073883 1.5491284879029192
1699573436.6393895 1.5491284879029192
1699573436.6823292 1.5491284879029192
1699573436.738715 1.5491284879029192
1699573436.7822733 1.575356436124171
1699573436.8144665 1.575356436124171
1699573436.857466 1.575356436124171
1699573436.8894181 1.575356436124171
1699573436.9434426 1.5715496346704712
1699573436.9803112 1.5715496346704712
1699573437.1238947 1.5715496346704712
1699573437.5732758 1.5715496346704712
1699573437.893689 1.5715496346704712
1699573437.132237 1.5715496346704712
1699573437.164253 1.5715496346704712
1699573437.2073178 1.5715496346704712
1699573437.2392886 1.5715496346704712
1699573437.2822118 1.5715496346704712
1699573437.3385372 1.5715496346704712
1699573437.3820362 1.5661332215008776
1699573437.4138412 1.5661332215008776
1699573437.4570885 1.5661332215008776
1699573437.4892502 1.5661332215008776
1699573437.5320654 1.5661332215008776
1699573437.5640702 1.5661332215008776
1699573437.6072736 1.5661332215008776
1699573437.639125 1.5661332215008776
1699573437.6820538 1.5661332215008776
1699573437.7140143 1.5661332215008776
1699573437.7571259 1.5661332215008776
1699573437.7891016 1.5661332215008776
1699573437.832019 1.5661332215008776
1699573437.8640099 1.5661332215008776
1699573437.9383554 1.5661332215008776
1699573437.9817216 1.5688124210204504
1699573438.1361403 1.5688124210204504
1699573438.5678508 1.5688124210204504
1699573438.887749 1.5688124210204504
1699573438.1427925 1.5767574869545806
1699573438.1798744 1.5767574869545806
1699573438.211821 1.5767574869545806
1699573438.2567372 1.5767574869545806
1699573438.2887583 1.5767574869545806
1699573438.3317099 1.5767574869545806
1699573438.363668 1.5767574869545806
1699573438.40672 1.5767574869545806
1699573438.4386742 1.5767574869545806
1699573438.4819808 1.5767574869545806
1699573438.5391862 1.5767574869545806
1699573438.5821176 1.6068307157161703
1699573438.6145437 1.6068307157161703
1699573438.65756 1.6068307157161703
1699573438.6895032 1.6068307157161703
1699573438.7425008 1.641066204139979
1699573438.7794282 1.641066204139979
1699573438.8114383 1.641066204139979
1699573438.8574321 1.641066204139979
1699573438.8894064 1.641066204139979
1699573438.9434116 1.6629952348628354
1699573438.98028 1.6629952348628354
1699573439.1238327 1.6629952348628354
1699573439.5735326 1.6629952348628354
1699573439.893744 1.6629952348628354
1699573439.1522036 1.6862659276910008
1699573439.184205 1.6862659276910008
1699573439.2321584 1.6862659276910008
1699573439.2641115 1.6862659276910008
1699573439.3072205 1.6862659276910008
1699573439.3390067 1.6862659276910008
1699573439.3821507 1.6862659276910008
1699573439.4142194 1.6862659276910008
1699573439.4572787 1.6862659276910008
1699573439.489232 1.6862659276910008
1699573439.5320194 1.6862659276910008
1699573439.5640721 1.6862659276910008
1699573439.6070867 1.6862659276910008
1699573439.6390939 1.6862659276910008
1699573439.682079 1.6862659276910008
1699573439.7383318 1.6862659276910008
1699573439.781919 1.8976571789152192
1699573439.8139708 1.8976571789152192
1699573439.857106 1.8976571789152192
1699573439.889025 1.8976571789152192
1699573439.9320242 1.8976571789152192
1699573439.9640057 1.8976571789152192
1699573440.6995547 1.8976571789152192
1699573440.3900666 1.8976571789152192
1699573440.819448 1.8976571789152192
1699573440.1137369 1.8976571789152192
1699573440.156948 1.8976571789152192
1699573440.188939 1.8976571789152192
1699573440.2318878 1.8976571789152192
1699573440.2638457 1.8976571789152192
1699573440.3381824 1.8976571789152192
1699573440.3817687 2.0465160764043246
1699573440.4137194 2.0465160764043246
1699573440.4564428 2.0465160764043246
1699573440.4880612 2.0465160764043246
1699573440.5311756 2.0465160764043246
1699573440.5632048 2.0465160764043246
1699573440.6066482 2.0465160764043246
1699573440.638811 2.0465160764043246
1699573440.6827729 2.0465160764043246
1699573440.7390888 2.0465160764043246
1699573440.7827086 2.130580956462277
1699573440.8148143 2.130580956462277
1699573440.8576782 2.130580956462277
1699573440.8897753 2.130580956462277
1699573440.94261 2.171207093535539
1699573440.9797442 2.171207093535539
1699573441.117049 2.171207093535539
1699573441.5746202 2.171207093535539
1699573441.895979 2.171207093535539
1699573441.1436481 2.2021992479932795
1699573441.1805134 2.2021992479932795
1699573441.212463 2.2021992479932795
1699573441.2575917 2.2021992479932795
1699573441.289571 2.2021992479932795
1699573441.343422 2.242619817495826
1699573441.3804207 2.242619817495826
1699573441.41246 2.242619817495826
1699573441.4574797 2.242619817495826
1699573441.4894092 2.242619817495826
1699573441.543309 2.271138989445267
1699573441.5803616 2.271138989445267
1699573441.6122663 2.271138989445267
1699573441.6573346 2.271138989445267
1699573441.6894832 2.271138989445267
1699573441.7432432 2.3008050914608997
1699573441.7804604 2.3008050914608997
1699573441.8114393 2.3008050914608997
1699573441.8568501 2.3008050914608997
1699573441.8891835 2.3008050914608997
1699573441.9430714 2.3319253964618136
1699573441.9801059 2.3319253964618136
1699573442.1212385 2.3319253964618136
1699573442.5719981 2.3319253964618136
1699573442.8919613 2.3319253964618136
1699573442.1320033 2.3319253964618136
1699573442.1640043 2.3319253964618136
1699573442.2067714 2.3319253964618136
1699573442.2391088 2.3319253964618136
1699573442.2819126 2.3319253964618136
1699573442.3404348 2.3319253964618136
1699573442.3819282 2.363024296679754
1699573442.41395 2.363024296679754
1699573442.4566402 2.363024296679754
1699573442.4880154 2.363024296679754
1699573442.5423834 2.3740610769201687
1699573442.5794094 2.3740610769201687
1699573442.611892 2.3740610769201687
1699573442.6568544 2.3740610769201687
1699573442.688848 2.3740610769201687
1699573442.7428207 2.3746630246517677
1699573442.7798357 2.3746630246517677
1699573442.8116117 2.3746630246517677
1699573442.8567326 2.3746630246517677
1699573442.888684 2.3746630246517677
1699573442.9427533 2.37563676240835
1699573442.979769 2.37563676240835
1699573443.117402 2.37563676240835
1699573443.566988 2.37563676240835
1699573443.886788 2.37563676240835
1699573443.1426642 2.365942202841321
1699573443.1796923 2.365942202841321
1699573443.211696 2.365942202841321
1699573443.2566242 2.365942202841321
1699573443.2885952 2.365942202841321
1699573443.342559 2.345095528538188
1699573443.379513 2.345095528538188
1699573443.4112968 2.345095528538188
1699573443.4574797 2.345095528538188
1699573443.4895144 2.345095528538188
1699573443.5424902 2.315322423254046
1699573443.5795283 2.315322423254046
1699573443.6115255 2.315322423254046
1699573443.6575172 2.315322423254046
1699573443.6895046 2.315322423254046
1699573443.7435203 2.2866713603281914
1699573443.7804425 2.2866713603281914
1699573443.812486 2.2866713603281914
1699573443.857402 2.2866713603281914
1699573443.8893893 2.2866713603281914
1699573443.9433908 2.2282581007844953
1699573443.9802704 2.2282581007844953
1699573444.121613 2.2282581007844953
1699573444.5733185 2.2282581007844953
1699573444.8927643 2.2282581007844953
1699573444.163656 2.2282581007844953
1699573444.207279 2.159917239344924
1699573444.2392385 2.159917239344924
1699573444.282216 2.159917239344924
1699573444.3395188 2.159917239344924
1699573444.382096 2.076631776938068
1699573444.4141378 2.076631776938068
1699573444.4567645 2.076631776938068
1699573444.4887898 2.076631776938068
1699573444.5426347 1.9799772936324558
1699573444.580059 1.9799772936324558
1699573444.6121573 1.9799772936324558
1699573444.6571147 1.9799772936324558
1699573444.6891203 1.9799772936324558
1699573444.7430053 1.8963066163907645
1699573444.7799659 1.8963066163907645
1699573444.8119702 1.8963066163907645
1699573444.8569088 1.8963066163907645
1699573444.8889167 1.8963066163907645
1699573444.9429052 1.856921532523807
1699573444.9799232 1.856921532523807
1699573445.1153932 1.856921532523807
1699573445.568826 1.856921532523807
1699573445.8888948 1.856921532523807
1699573445.1429052 1.7976082846532089
1699573445.1798482 1.7976082846532089
1699573445.2118635 1.7976082846532089
1699573445.2568002 1.7976082846532089
1699573445.288782 1.7976082846532089
1699573445.342755 1.7415146492277649
1699573445.3797843 1.7415146492277649
1699573445.4117773 1.7415146492277649
1699573445.4566972 1.7415146492277649
1699573445.488701 1.7415146492277649
1699573445.5326214 1.7415146492277649
1699573445.5646152 1.7415146492277649
1699573445.6066217 1.7415146492277649
1699573445.6386523 1.7415146492277649
1699573445.6825578 1.7415146492277649
1699573445.7335405 1.6604473158000588
1699573445.7825067 1.6604473158000588
1699573445.8144038 1.6604473158000588
1699573445.8575206 1.6604473158000588
1699573445.8894386 1.6604473158000588
1699573445.932429 1.6604473158000588
1699573445.9644146 1.6604473158000588
1699573446.7475889 1.6604473158000588
1699573446.3947597 1.6604473158000588
1699573446.8243966 1.6604473158000588
1699573446.1143506 1.6604473158000588
1699573446.1573625 1.6604473158000588
1699573446.1894157 1.6604473158000588
1699573446.232338 1.6604473158000588
1699573446.2643 1.6604473158000588
1699573446.3386164 1.6604473158000588
1699573446.3822618 1.5210845073579977
1699573446.414275 1.5210845073579977
1699573446.4569657 1.5210845073579977
1699573446.488407 1.5210845073579977
1699573446.5427344 1.5003859168867593
1699573446.5799046 1.5003859168867593
1699573446.6121473 1.5003859168867593
1699573446.6572025 1.5003859168867593
1699573446.6892307 1.5003859168867593
1699573446.7651336 1.5077173306298723
1699573446.8071449 1.5077173306298723
1699573446.8391228 1.5077173306298723
1699573446.882073 1.5077173306298723
1699573446.9384038 1.5077173306298723
1699573446.982005 1.5179051244025825
1699573447.1386075 1.5179051244025825
1699573447.5709255 1.5179051244025825
1699573447.890229 1.5179051244025825
1699573447.1430242 1.5525425465907958
1699573447.1799946 1.5525425465907958
1699573447.2119534 1.5525425465907958
1699573447.2569447 1.5525425465907958
1699573447.2889175 1.5525425465907958
1699573447.342905 1.5658527322665152
1699573447.3799138 1.5658527322665152
1699573447.4118547 1.5658527322665152
1699573447.4568374 1.5658527322665152
1699573447.4888482 1.5658527322665152
1699573447.5428572 1.5787504930037966
1699573447.579831 1.5787504930037966
1699573447.6118062 1.5787504930037966
1699573447.6567721 1.5787504930037966
1699573447.6887453 1.5787504930037966
1699573447.7427256 1.5912295275782196
1699573447.7797513 1.5912295275782196
1699573447.8117347 1.5912295275782196
1699573447.8566751 1.5912295275782196
1699573447.888679 1.5912295275782196
1699573447.9426668 1.6038505876318712
1699573447.9797215 1.6038505876318712
1699573448.1165314 1.6038505876318712
1699573448.5761046 1.6038505876318712
1699573448.8957794 1.6038505876318712
1699573448.1645327 1.6285643876461386
1699573448.2075293 1.6285643876461386
1699573448.239519 1.6285643876461386
1699573448.2824602 1.6285643876461386
1699573448.3389032 1.6285643876461386
1699573448.3824248 1.6415201591729809
1699573448.4145465 1.6415201591729809
1699573448.457107 1.6415201591729809
1699573448.4885173 1.6415201591729809
1699573448.531736 1.6415201591729809
1699573448.5639138 1.6415201591729809
1699573448.6073787 1.6415201591729809
1699573448.6393557 1.6415201591729809
1699573448.6823044 1.6415201591729809
1699573448.7386193 1.6415201591729809
1699573448.7822506 1.68665428977161
1699573448.8142328 1.68665428977161
1699573448.8569899 1.68665428977161
1699573448.8892534 1.68665428977161
1699573448.9321046 1.68665428977161
1699573448.9640615 1.68665428977161
1699573449.720812 1.68665428977161
1699573449.3917942 1.68665428977161
1699573449.8224082 1.68665428977161
1699573449.1141074 1.68665428977161
1699573449.1571417 1.68665428977161
1699573449.1891735 1.68665428977161
1699573449.232013 1.68665428977161
1699573449.2640553 1.68665428977161
1699573449.307118 1.68665428977161
1699573449.3390973 1.68665428977161
1699573449.3820055 1.68665428977161
1699573449.4136763 1.68665428977161
1699573449.4571166 1.68665428977161
1699573449.4890924 1.68665428977161
1699573449.532018 1.68665428977161
1699573449.563997 1.68665428977161
1699573449.6069734 1.68665428977161
1699573449.638986 1.68665428977161
1699573449.681786 1.68665428977161
1699573449.7136965 1.68665428977161
1699573449.7569425 1.68665428977161
1699573449.7889047 1.68665428977161
1699573449.8319046 1.68665428977161
1699573449.863922 1.68665428977161
1699573449.938162 1.68665428977161
1699573449.9817605 1.7328270426946848
1699573450.1344662 1.7328270426946848
1699573450.5672596 1.7328270426946848
1699573450.8870773 1.7328270426946848
1699573450.1427045 1.742823234532789
1699573450.1797137 1.742823234532789
1699573450.2116935 1.742823234532789
1699573450.2566054 1.742823234532789
1699573450.2885838 1.742823234532789
1699573450.3425696 1.7570308958921959
1699573450.3795302 1.7570308958921959
1699573450.4115376 1.7570308958921959
1699573450.4571884 1.7570308958921959
1699573450.4886599 1.7570308958921959
1699573450.5430279 1.7691685611365249
1699573450.5801742 1.7691685611365249
1699573450.6125984 1.7691685611365249
1699573450.6575463 1.7691685611365249
1699573450.6895914 1.7691685611365249
1699573450.7436073 1.7680445432627503
1699573450.7804358 1.7680445432627503
1699573450.8124979 1.7680445432627503
1699573450.8572347 1.7680445432627503
1699573450.8894966 1.7680445432627503
1699573450.9434538 1.7790595074438187
1699573450.9803178 1.7790595074438187
1699573451.1236744 1.7790595074438187
1699573451.573509 1.7790595074438187
1699573451.8936934 1.7790595074438187
1699573451.1636498 1.7790595074438187
1699573451.2072303 1.7680445432627503
1699573451.2392573 1.7680445432627503
1699573451.282244 1.7680445432627503
1699573451.3395293 1.7680445432627503
1699573451.3822172 1.7790595074438187
1699573451.4141474 1.7790595074438187
1699573451.4567516 1.7790595074438187
1699573451.4882166 1.7790595074438187
1699573451.5425327 1.7813294035915719
1699573451.5799413 1.7813294035915719
1699573451.611963 1.7813294035915719
1699573451.65713 1.7813294035915719
1699573451.689097 1.7813294035915719
1699573451.7429667 1.7825179376540718
1699573451.7799566 1.7825179376540718
1699573451.8119297 1.7825179376540718
1699573451.8568573 1.7825179376540718
1699573451.8888812 1.7825179376540718
1699573451.9428692 1.79472961552191
1699573451.9798584 1.79472961552191
1699573452.1186352 1.79472961552191
1699573452.567891 1.79472961552191
1699573452.8879094 1.79472961552191
1699573452.163067 1.79472961552191
1699573452.2067344 1.7985914025872756
1699573452.2387133 1.7985914025872756
1699573452.282589 1.7985914025872756
1699573452.3389564 1.7985914025872756
1699573452.3825612 1.7999490110324898
1699573452.4145875 1.7999490110324898
1699573452.4573286 1.7999490110324898
1699573452.4886754 1.7999490110324898
1699573452.542077 1.8246522778099696
1699573452.5792286 1.8246522778099696
1699573452.6116133 1.8246522778099696
1699573452.6575582 1.8246522778099696
1699573452.6895308 1.8246522778099696
1699573452.7638767 1.8246522778099696
1699573452.8075078 1.8260972419361094
1699573452.8395007 1.8260972419361094
1699573452.882381 1.8260972419361094
1699573452.9386983 1.8260972419361094
1699573452.9823718 1.829090302427839
1699573453.143659 1.829090302427839
1699573453.5736406 1.829090302427839
1699573453.8934789 1.829090302427839
1699573453.165306 1.8400086157038398
1699573453.207007 1.8400086157038398
1699573453.2392938 1.8400086157038398
1699573453.282187 1.8400086157038398
1699573453.339647 1.8400086157038398
1699573453.3821576 1.818174428317184
1699573453.4141564 1.818174428317184
1699573453.4572551 1.818174428317184
1699573453.489026 1.818174428317184
1699573453.543183 1.816651641954829
1699573453.5800743 1.816651641954829
1699573453.6120589 1.816651641954829
1699573453.6571403 1.816651641954829
1699573453.6891322 1.816651641954829
1699573453.7320108 1.816651641954829
1699573453.7640247 1.816651641954829
1699573453.8070428 1.816651641954829
1699573453.8390183 1.816651641954829
1699573453.8818994 1.816651641954829
1699573453.9383266 1.816651641954829
1699573453.9818742 1.8072610361682993
1699573454.137318 1.8072610361682993
1699573454.569201 1.8072610361682993
1699573454.8888538 1.8072610361682993
1699573454.164846 1.8072610361682993
1699573454.2068617 1.8072610361682993
1699573454.2388628 1.8072610361682993
1699573454.2817304 1.8072610361682993
1699573454.3381646 1.8072610361682993
1699573454.3817017 1.8057290464722526
1699573454.413766 1.8057290464722526
1699573454.4563704 1.8057290464722526
1699573454.4883003 1.8057290464722526
1699573454.5421603 1.7933024689612909
1699573454.579245 1.7933024689612909
1699573454.611756 1.7933024689612909
1699573454.6566584 1.7933024689612909
1699573454.6886559 1.7933024689612909
1699573454.7426474 1.7933024689612909
1699573454.779637 1.7933024689612909
1699573454.8116364 1.7933024689612909
1699573454.8575592 1.7933024689612909
1699573454.8895552 1.7933024689612909
1699573454.943621 1.7933024689612909
1699573454.9805143 1.7933024689612909
1699573455.1212592 1.7933024689612909
1699573455.575504 1.7933024689612909
1699573455.8942027 1.7933024689612909
1699573455.1644332 1.7933024689612909
1699573455.2074142 1.7933024689612909
1699573455.2393918 1.7933024689612909
1699573455.2822683 1.7933024689612909
1699573455.314309 1.7933024689612909
1699573455.357333 1.7933024689612909
1699573455.3893342 1.7933024689612909
1699573455.43219 1.7933024689612909
1699573455.4639153 1.7933024689612909
1699573455.5068061 1.7933024689612909
1699573455.5387943 1.7933024689612909
1699573455.5818994 1.7933024689612909
1699573455.614228 1.7933024689612909
1699573455.6573591 1.7933024689612909
1699573455.6893406 1.7933024689612909
1699573455.743329 1.7808950892956745
1699573455.7802272 1.7808950892956745
1699573455.812152 1.7808950892956745
1699573455.8572865 1.7808950892956745
1699573455.889236 1.7808950892956745
1699573455.9432404 1.7699614067294351
1699573455.9801307 1.7699614067294351
1699573456.1205053 1.7699614067294351
1699573456.5720274 1.7699614067294351
1699573456.8917685 1.7699614067294351
1699573456.1520467 1.756139549208135
1699573456.1840272 1.756139549208135
1699573456.2320285 1.756139549208135
1699573456.2640262 1.756139549208135
1699573456.3383605 1.756139549208135
1699573456.3819864 1.7533924914302539
1699573456.4140036 1.7533924914302539
1699573456.4570296 1.7533924914302539
1699573456.4889767 1.7533924914302539
1699573456.5329208 1.7533924914302539
1699573456.5649078 1.7533924914302539
1699573456.6069233 1.7533924914302539
1699573456.638905 1.7533924914302539
1699573456.682831 1.7533924914302539
1699573456.7391517 1.7533924914302539
1699573456.7828264 1.7197573123419512
1699573456.8148263 1.7197573123419512
1699573456.856809 1.7197573123419512
1699573456.8887825 1.7197573123419512
1699573456.9428332 1.6459061759425697
1699573456.9798112 1.6459061759425697
1699573457.117969 1.6459061759425697
1699573457.5778546 1.6459061759425697
1699573457.8976238 1.6459061759425697
1699573457.1427708 1.5736065959184944
1699573457.1798048 1.5736065959184944
1699573457.2117383 1.5736065959184944
1699573457.2567022 1.5736065959184944
1699573457.2886803 1.5736065959184944
1699573457.343724 1.5342918959899718
1699573457.3805747 1.5342918959899718
1699573457.4126275 1.5342918959899718
1699573457.4572728 1.5342918959899718
1699573457.4886477 1.5342918959899718
1699573457.5430322 1.5030526320257729
1699573457.5802374 1.5030526320257729
1699573457.612603 1.5030526320257729
1699573457.6575375 1.5030526320257729
1699573457.6893966 1.5030526320257729
1699573457.7434015 1.4925697886865494
1699573457.7802093 1.4925697886865494
1699573457.8122668 1.4925697886865494
1699573457.8573027 1.4925697886865494
1699573457.8892567 1.4925697886865494
1699573457.932081 1.4925697886865494
1699573457.9640136 1.4925697886865494
1699573458.7145746 1.4925697886865494
1699573458.3913836 1.4925697886865494
1699573458.8203816 1.4925697886865494
1699573458.114231 1.4925697886865494
1699573458.1572704 1.4925697886865494
1699573458.1892412 1.4925697886865494
1699573458.232035 1.4925697886865494
1699573458.264051 1.4925697886865494
1699573458.338411 1.4925697886865494
1699573458.381998 1.8353145469503591
1699573458.4139733 1.8353145469503591
1699573458.4566607 1.8353145469503591
1699573458.4882379 1.8353145469503591
1699573458.5313632 1.8353145469503591
1699573458.5633426 1.8353145469503591
1699573458.6069129 1.8353145469503591
1699573458.6388967 1.8353145469503591
1699573458.6818616 1.8353145469503591
1699573458.7400942 1.8353145469503591
1699573458.7817001 2.1001915272339415
1699573458.8137748 2.1001915272339415
1699573458.8568048 2.1001915272339415
1699573458.8887928 2.1001915272339415
1699573458.9317968 2.1001915272339415
1699573458.9637158 2.1001915272339415
1699573459.6705759 2.1001915272339415
1699573459.38723 2.1001915272339415
1699573459.8264673 2.1001915272339415
1699573459.1336071 1.9993928875385787
1699573459.18263 1.9993928875385787
1699573459.2145581 1.9993928875385787
1699573459.2566123 1.9993928875385787
1699573459.2885828 1.9993928875385787
1699573459.332479 1.9993928875385787
1699573459.3645184 1.9993928875385787
1699573459.4075289 1.9993928875385787
1699573459.4395301 1.9993928875385787
1699573459.482061 1.9993928875385787
1699573459.5380223 1.9993928875385787
1699573459.5819545 1.8982224664479819
1699573459.614442 1.8982224664479819
1699573459.6574583 1.8982224664479819
1699573459.689357 1.8982224664479819
1699573459.7434304 1.8759792832121618
1699573459.7802935 1.8759792832121618
1699573459.8123145 1.8759792832121618
1699573459.857316 1.8759792832121618
1699573459.8893065 1.8759792832121618
1699573459.943314 1.9053536619869456
1699573459.980023 1.9053536619869456
1699573460.119394 1.9053536619869456
1699573460.5727768 1.9053536619869456
1699573460.8927457 1.9053536619869456
1699573460.1432326 1.931293617716291
1699573460.180051 1.931293617716291
1699573460.212038 1.931293617716291
1699573460.2571342 1.931293617716291
1699573460.2891982 1.931293617716291
1699573460.3431654 1.92598860661684
1699573460.3800578 1.92598860661684
1699573460.4120293 1.92598860661684
1699573460.4571157 1.92598860661684
1699573460.489119 1.92598860661684
1699573460.543087 1.892180939401195
1699573460.579997 1.892180939401195
1699573460.612029 1.892180939401195
1699573460.657015 1.892180939401195
1699573460.6890101 1.892180939401195
1699573460.7430139 1.823787419406661
1699573460.7798805 1.823787419406661
1699573460.8119874 1.823787419406661
1699573460.8569288 1.823787419406661
1699573460.8889096 1.823787419406661
1699573460.9319215 1.823787419406661
1699573460.9638872 1.823787419406661
1699573461.7156994 1.823787419406661
1699573461.3885977 1.823787419406661
1699573461.817246 1.823787419406661
1699573461.113822 1.823787419406661
1699573461.1567955 1.823787419406661
1699573461.1887918 1.823787419406661
1699573461.231803 1.823787419406661
1699573461.2637866 1.823787419406661
1699573461.338053 1.823787419406661
1699573461.382533 1.5422197541590268
1699573461.4146369 1.5422197541590268
1699573461.4563324 1.5422197541590268
1699573461.4879682 1.5422197541590268
1699573461.5431445 1.5122271289940064
1699573461.580214 1.5122271289940064
1699573461.612723 1.5122271289940064
1699573461.6576989 1.5122271289940064
1699573461.6897023 1.5122271289940064
1699573461.7427042 1.4328801124223711
1699573461.7797174 1.4328801124223711
1699573461.811752 1.4328801124223711
1699573461.857588 1.4328801124223711
1699573461.8896267 1.4328801124223711
1699573461.9437425 1.3615563878351813
1699573461.9805582 1.3615563878351813
1699573462.124062 1.3615563878351813
1699573462.5754228 1.3615563878351813
1699573462.895517 1.3615563878351813
1699573462.1324892 1.3615563878351813
1699573462.164481 1.3615563878351813
1699573462.2074857 1.3615563878351813
1699573462.2395053 1.3615563878351813
1699573462.2823172 1.3615563878351813
1699573462.3387227 1.3615563878351813
1699573462.382367 1.257214529944046
1699573462.4143815 1.257214529944046
1699573462.4573753 1.257214529944046
1699573462.489378 1.257214529944046
1699573462.54339 1.2325293428973185
1699573462.5802917 1.2325293428973185
1699573462.6120205 1.2325293428973185
1699573462.6573339 1.2325293428973185
1699573462.6892946 1.2325293428973185
1699573462.7432365 1.2018387847576117
1699573462.7801278 1.2018387847576117
1699573462.8120258 1.2018387847576117
1699573462.8571594 1.2018387847576117
1699573462.8891695 1.2018387847576117
1699573462.9431891 1.168150136176147
1699573462.9800565 1.168150136176147
1699573463.1203322 1.168150136176147
1699573463.5709033 1.168150136176147
1699573463.890558 1.168150136176147
1699573463.164915 1.1599714359001738
1699573463.2069418 1.1599714359001738
1699573463.2389627 1.1599714359001738
1699573463.2815783 1.1599714359001738
1699573463.340147 1.1599714359001738
1699573463.381667 1.217501875747764
1699573463.4136689 1.217501875747764
1699573463.4565089 1.217501875747764
1699573463.4880571 1.217501875747764
